r = 10 ^ (7.591386 * ((d2m/(d2m + 240.7263)) - (t2m/(t2m + 240.7263)))) ; 
absh = ((6.1120 * 2.71828 ^ ((17.670 * (t2m - 273.15))/(t2m + 243.5 - 273.15)) * r * 2.1674))/(t2m) ; 
